966
908669736   264014455
398546103   323050386
553471457   447070324
528344628   589394552
532541126   887243294
724923153   665562144
675537056   454853454
738756884   640830356
730546642   536278174
215637970   490445261
928646938   414493033
824577382   184675541
831275763   492814664
223741890   891643052
717521940   158544496
977866395   644521840
742555832   858440048
2428263   901541691
115040116   893461468
815065521   830342749
838684464   623885600
148660881   327363682
269224021   753352493
927824851   374526322
104226950   873807380
773140244   459424043
774677217   653736645
346018293   680466609
749634928   310099782
593059712   323736486
94183723   349158360
782862940   67596475
668415477   105365739
540004352   350398553
328720410   12579885
338962509   208457698
69225263   162535360
242305387   27985632
588014572   935615348
794842919   988179636
383441705   436559
101238596   608362331
41544934   47106213
807134626   933283343
192034496   815404897
797541393   393197859
753764789   23081922
165647325   853748405
160458323   185238364
917102022   477266889
356524414   597717406
437527118   920732861
733221517   938293572
798341177   467505031
478459604   180733370
446234963   616235356
160096943   939548778
413661097   522928441
87964946   829416297
325609464   145509661
402741455   739551258
362536345   486025482
246792499   922567710
845947373   869803769
122850842   433357690
831004934   273358818
501782187   990607637
176054544   288593331
73345598   114561754
674973702   14644049
509319537   297779970
217649997   156638352
974923595   554966613
569102804   362092608
13550950   925398754
447819255   885419584
37837299   13745516
630759295   89691423
803408232   238880113
646733900   322647143
742074527   771509929
982749402   38021293
981673940   127154757
92067817   78243873
631775726   485230234
578691868   327409128
782970593   542317921
928130865   233422338
864246115   112869159
117084220   811569657
612094165   558357787
766555666   102589119
155746853   699713989
342385222   679820777
502315225   916129387
474688433   818415775
350685588   55433841
158517496   903437717
273609947   326705276
627910149   922489050
858824451   962504476
98121870   607826057
856943508   249022927
28729213   332894458
458205716   151799946
594368065   557518090
991876088   933385465
230055781   232330293
859205430   638421527
964557015   677837851
809396806   590990655
19722961   343806804
64904661   807551349
215927656   320922855
612415109   196746761
670095998   170930284
313594564   177482924
419609698   865174166
794999790   993659126
834378105   978892729
382312069   492219619
536119595   176757680
218302187   840136840
163827425   185622659
340072613   347704352
323911019   532572195
489560607   55876051
884407845   229770769
44623139   826502605
175709219   205922808
938800159   862997425
869710609   851878907
632362256   73724524
67569360   548425616
613435981   820288050
228634933   84633533
556452370   733622063
852230289   430904831
713969253   699154622
978448976   95207889
391604964   548891716
715963775   238900083
722137623   799363158
921534903   72440808
938286591   754483282
39410150   177880706
205718263   543536933
296327256   355577276
177326329   926927525
55875048   157398735
819309015   944541793
188734763   44910555
536257109   189464563
50174665   672408598
550748026   539537609
943292639   572179831
654752937   385118784
141873590   899583193
838212457   341708273
29656793   229872924
841524816   205276844
614808658   721032683
404583319   8900209
271505919   979577492
509113775   462591617
528349582   932993313
462953424   66679601
481373245   927057971
750970801   397185906
750687262   463632002
87223585   797806702
969483415   219102175
218192439   505482551
717712893   4779634
509357053   874908514
710768456   38761912
849840044   751351629
181832754   611995816
336331155   298469980
264329139   970215797
640094909   304609184
40669399   227683507
677358051   633008153
252480744   695556831
212870186   808872048
40734496   70788700
623378436   774324235
314493295   913277633
31295722   724447708
99322428   178750423
630338596   382357741
375692965   374956262
256217399   460277110
177800962   735926818
41092023   507163838
556687484   690132754
371998700   817712767
764508875   924423313
783606555   834651640
379777046   674908954
312648647   929806973
544960664   106742806
340772413   447404199
527660286   821716222
19140051   232259792
692576589   193999223
831615059   420584463
256452996   949221670
763047057   884122696
192568346   982435078
515857646   570636637
208335935   223664799
64291377   970886780
584717825   749976981
375312375   162292970
801097532   939427652
123334279   933972658
684394009   340192504
792904261   589612288
274794477   899352664
533599453   295948094
104716521   892774043
3017541   813938713
138069114   541340023
712249991   635052351
574448729   4310104
985000137   737297654
368434512   685444550
36169497   340337501
695599935   476611228
587711834   65936986
915808519   892791389
304781163   987310703
170024767   664248646
13548092   740652239
413043801   299999905
989510891   423951836
522993969   292559572
248168446   241594098
230002712   363253410
11741841   415218600
760717740   723366353
372617432   575288796
537762843   839443431
505629897   419403536
611835744   798015359
653520268   117221144
159514888   377298976
667753374   572503328
777912113   608912749
48184139   623726069
164368721   176184139
670862715   470506394
956644639   350555926
581980549   131207073
866391508   263292869
128426619   959922982
18096740   902822603
710850699   516609236
675151613   785606094
243855236   320025311
79563817   551740997
247608296   795111439
260230452   498960438
781047087   406088838
117317615   175053185
831898834   974360468
631393569   664617276
929822841   52244350
509997442   653242800
975480017   422747066
922255156   179212149
308343315   250771903
771869027   710402752
156799703   614934861
253758074   207065914
110720014   549216776
162038842   602039795
727742751   604436488
464750424   402837212
991242620   670466293
80860415   911316303
959747286   469437778
962254313   626605947
547770426   560732448
921893056   412008895
784860316   241523777
549261567   991425742
991219059   396331730
734889586   901156140
929101178   384503725
956716714   573539695
719860193   657884793
358669509   864049006
752194594   635935635
707158341   184519876
533047976   448473519
126339503   139999151
934965056   155612090
205360328   325472084
98073771   539844938
516803416   400249342
394389758   642297800
48479835   381500163
18626413   641045580
478238305   40213970
569795509   24061271
250457534   844098340
633427617   455264438
581326259   384182790
444499359   698748823
446260960   467841033
86462801   435152752
458054086   419668158
774260082   572799385
349517025   308274447
914883150   83849729
200655910   610673349
89643696   814762020
725558409   111675684
143694882   880892642
650243059   924303076
473726948   255674270
536550314   403204731
681288647   100012469
838211059   968291359
668198244   28397700
858229452   70893874
153521327   518939361
261566692   902970901
578325441   530206471
288499269   355677589
645373630   792007959
103187679   298948961
957911362   636354685
546963315   336639930
78992457   148376755
990374596   468370087
118059407   778406187
407856007   403070727
497537432   984045804
980448577   74234283
21667895   872028366
701454336   527279358
739600256   850551321
953191851   257274383
128265644   832950292
689378077   166269002
198301262   109916526
780976998   382511379
452163724   887751547
272083448   925489622
963397484   535668336
715233617   487234535
517080414   148234244
221413221   713199361
624253554   274801701
100953333   428604091
597592056   434893748
327456134   116273458
122583420   754246089
146871486   472923611
798239081   550311273
382164787   931539089
277820603   381585489
785470182   925609019
647207047   988302881
955796199   916881314
901739328   515357807
47517963   363015018
57228102   252718495
692448670   224571201
573514931   617157075
632617178   156181465
98566983   70387368
318173341   79434600
46290317   821057150
98928864   609149276
644044402   743855444
955954852   295068619
796192902   670819735
244990816   353378303
587912042   263691357
301038393   583323201
182732625   365402162
182137690   339825534
391902282   724965562
439575813   71436767
993059874   729755575
277067310   585414048
469555367   242381870
898103239   989545446
989659458   951757454
298107417   434530999
336130366   412797175
669561559   143653329
182457790   581868810
501320298   326735416
533960626   310334667
105438116   457680653
994472690   636464984
743946314   979826182
736553790   716950250
841286533   165357612
525142415   719149387
505409187   911145655
12076344   382030624
334358997   391356292
524148534   216943606
158554151   934854808
23482750   810183604
352600965   212837813
323227400   357680333
201339567   671141895
118095729   650347301
620827183   848691894
227642514   511666431
511020366   786317567
465536540   171323885
186504571   632001107
164036830   671376475
395879911   17385278
25678636   506016426
987243532   488319469
924677069   569517414
120748725   241142385
250881847   907758854
207006565   285816657
48488881   728336684
479073204   425532318
676181149   177981969
52124355   102198650
385253918   987063738
203559076   946869348
228164418   811349395
614511789   743205649
969333282   820795671
700578503   698636222
706604628   601322032
25051924   924814560
805351730   558322248
948495718   166452730
216876278   936290431
808351150   653830855
594355959   327658601
636989768   683493265
439882431   296003059
237521488   112521513
874332521   508793215
902508183   674364905
105734452   506842689
764627930   796343719
272480724   119226027
909448746   841112916
48694085   82084676
900746019   381465692
568214097   740252270
547188367   240795737
19432880   217351454
987027190   987632712
259554046   363820636
908909270   712422802
123800237   881414949
17760001   456123251
218782246   171957291
849676832   358286759
333825328   707780712
30595372   581851587
345883851   120201235
985691159   198354876
243266   592684336
150476928   76909819
99239014   597442764
931564487   700845887
683773993   189863202
82476653   648951060
20742548   859421190
24564806   812907299
936123938   717706938
991616682   704095746
788223122   160404987
929210726   331938896
454709312   437964809
494991837   248511606
442745710   249626817
129927201   529024170
900077320   193906276
698529243   550705281
596215181   414755638
9988780   361685881
293719457   229820034
367857062   212638991
456391045   151749102
591261567   638145972
320115652   66322649
396656518   284988604
530076009   607415308
152219891   208889044
177642125   757987071
789924731   191564617
268258797   222642080
284876583   389669299
192116090   740914017
982786854   838930790
663851250   276760945
540865678   706831109
193004397   412054795
960234120   53529309
140917340   395825105
872371313   457700285
617243419   669720692
793284154   969628658
844279904   102499766
927756698   533594418
299481565   490613564
527684354   771725674
111860092   272048444
430555642   288713987
967903286   297387978
443843737   454710030
261323125   543846775
793533831   554836164
285768938   53312488
252690881   805345890
507048551   71294003
428601874   855819533
945447591   127627195
992390319   248980922
660163820   913317455
278725104   276093672
799802569   612921292
112904074   95487470
957323917   273276213
714228572   865619606
888180166   149769767
943625244   103264928
770248673   879294925
327161327   506594264
811869194   258440427
489679583   457150100
67377841   972417606
625148803   197862898
515941363   446169501
22190164   223938358
396824048   327012598
315211583   46786974
257461830   677575344
607126799   785111816
286335032   820990903
330824609   91300202
746885240   266452693
238357671   296515998
236797310   306336827
506902802   576140832
840424494   369856209
907345946   721585897
248557102   385987195
340699201   535381246
283078403   751492141
398514474   229505706
13944203   771389516
222613925   982741724
333249287   444455762
577641147   595837293
916622216   236527542
204164589   626494759
85855760   977740903
776540010   315225611
347011645   352876831
573014830   725051725
440068242   968132328
878748935   901373828
415070067   998744792
754564377   452706740
592107377   11686434
76996398   943324455
765621352   983920521
336841903   655330646
243799516   143836493
139690404   585953772
795923025   687536004
689566965   151672094
19717588   254989280
101081634   344850113
656671553   106277168
876480287   910243038
200785710   687536507
549626557   251592603
325592402   537878368
456308236   378972886
406843031   863606500
459200835   291047317
735214198   790925990
434272920   832728173
983130941   760818576
555120634   131638213
989567622   65232996
844900606   427370992
219779354   683728859
125001326   242523033
954492020   799963909
107014014   89201862
507720116   507622787
482174814   502467517
837221623   373336648
722898469   274291445
919333489   810097184
965953664   187745337
18618569   912025549
884233691   366674614
439773255   502188277
565097968   192300670
396172229   928590963
167400221   465018939
556827077   712109093
866241136   724193436
206613505   175421811
364858952   71606155
159451838   958825335
466771201   102019838
74864668   467267424
568764171   518392354
526769424   134294096
49217861   995256540
254246107   95071151
39946371   53984839
821311806   107613076
249134738   13059523
73569932   869258496
692718021   681186501
154597475   532729112
807414815   113757328
600899223   835384983
912251914   636977392
121330879   523437738
631157931   711324073
648402358   692103125
251085885   301853965
480099573   913138581
929292595   710300850
613837941   975595771
584708935   320475024
951470137   959267889
327508035   636976868
794854341   127283888
6081646   987451691
830756588   604433083
91315874   528555397
762516020   654573967
172745682   811214333
806912229   207246997
456889473   576224401
259626779   993601704
627426736   59940867
496043890   859320477
597029909   984251826
337760892   152592042
116927989   429332387
411774201   189409242
314205577   631556541
831036091   351611294
714298029   640474885
621827932   849278052
228570345   636026791
812771975   26952254
660354540   45349382
874960830   542098364
399747331   858647009
854448639   280350539
357688463   51846795
826062142   659265542
623343406   368853886
678456500   848948432
164879455   569407271
541556999   750430816
520019078   473845073
8535731   228292182
805580421   733116566
41378039   916575895
356475864   847204986
551103846   10118480
866902054   264043092
17193045   134566846
173350302   289707006
221515224   20061032
857232509   633673333
202425314   426250680
390129008   230629022
182585055   512332808
698622426   778816454
248729491   788268693
416277001   666430442
729708573   204369078
384990786   160954531
980970068   859181915
769958456   535819103
681189420   101806559
869386553   49479408
460221767   355383213
283274758   304729216
787558929   557457214
993864059   711013201
629743552   376567175
82330588   485237384
480374684   983106603
601841539   378622715
646722096   261885784
834534928   528039973
637530872   995585831
301177699   244027184
343920822   147614881
644731250   862682653
366627598   235013231
424600708   994850091
500202912   778101722
902563414   566635762
61964496   23600658
492401972   262418888
340927878   435915909
145698188   829150637
324207581   351096540
749613587   988423155
945533215   985206753
781744124   519913280
605046577   304707321
518190250   55762716
363019130   323615372
618093071   300250784
928935765   861567790
754062334   100150863
682611702   463609146
874170626   919938176
862072272   676456010
732240806   4664511
910589901   396113053
980115755   200532471
958434322   576670230
4791027   987034775
547687706   750422190
655217679   944504669
860894536   962186423
989642758   371494537
996286033   29942465
697051790   508122736
349948393   502719054
97636084   49861063
918127176   415443726
281839199   668459117
145320325   492416380
895792469   719430873
757171756   941063871
490148231   272711439
452023576   414663045
27970619   428956979
960608279   31085377
607041927   980129188
455031412   498281946
517215075   745501219
209004197   529246342
504508872   774366974
617186356   6632644
922006410   726237908
424473706   396008219
152240913   753161937
286265608   594375239
266343781   673951702
72517881   52505476
683994263   474787487
693482285   796426594
316192044   570564541
409963038   420502954
483033689   869688815
750216420   114849809
968504613   163559920
378866649   631078937
980764783   675936580
813589818   122614610
383130314   513657245
502144834   131552106
265043313   3484649
233141099   894487754
552026008   207130737
404366483   189294029
995158284   465353913
19905146   531620472
658167668   334711822
925650520   624610590
479822201   660836943
335138250   749796941
702843459   71790624
679049115   281737261
83588649   367317993
894900800   779340893
618430709   338729306
172818068   890003523
102648441   850066548
961960912   631383078
870307061   228735475
214550228   471598530
742235565   58212966
771391613   898503481
979701602   870438906
405868316   697176438
321087518   55196059
419912936   121042547
835239478   697896619
714526819   762861026
526429333   23391282
535460696   254301064
342063615   630205850
776110354   32880284
808311216   573013388
280830906   71905958
423585513   169573134
553952280   227931189
574234996   926243509
588984084   394045829
384660839   686567819
281383434   203246231
617739347   55611743
36036296   885895765
284360503   52747358
772215388   840127542
624454926   508836890
92842848   230655571
208745644   725728708
614517403   718686917
214916320   882535648
552295871   437292020
521653368   852743250
483654089   628117532
164118080   380767136
531260325   6001938
534890426   911643249
261464039   39176807
167613619   349116579
998290993   234635822
205554128   225771
889529418   941943453
748057459   34997521
871911543   15483992
604055887   280911703
813113857   390989527
313743714   736846213
275005266   131926507
610568561   397192505
191217226   569468445
158048540   889427060
956220916   373023069
827543291   931366832
508793551   822419921
133917351   64564981
101141561   76632844
238965328   538319117
162998024   144708648
850538346   659001541
368262010   303607833
525666256   579946818
291734764   928650798
615242776   230763441
823333168   966480475
356235576   150341688
944061603   221156894
165953238   341864174
165662727   344847381
181155433   182678775
519909361   852471520
220570264   233387766
115103333   80505773
247507968   376470074
675369606   583515514
144143938   478252088
904433271   801405085
964502743   977200946
860838901   576232693
294465398   199683617
484840371   750072007
455869202   757272790
616134169   808833912
525107122   574160598
627830693   365554091
851262271   83631147
123963247   662728232
904395475   703761734
275329666   306540607
264150333   205101721
435919310   754517018
984462853   746679463
600079610   901471595
588591117   784073036
384540976   154165933
673494302   829865660
449103702   437071911
748152583   419809356
434291035   655835093
960070986   292300689
167391832   300054464
410470671   739433840
945048548   289138621
109146005   20260344
865791061   339609786
601677314   181873942
794717054   460111410
792706117   787798740
946337914   171678186
792237395   791289743
452611296   939294120
490650233   39265053
882871258   126124870
997366769   782104919
404218211   948384745
320981990   415656017
206869909   822123559
668610185   308271872
540825759   423229855
996147530   632134183
243974795   714377212
812015883   95226763
382161623   516806798
433469060   154246558
671780881   547564034
491389034   295742056
625310295   859558912
310324439   820525523
325039037   640694008
415083719   818387747
628130603   848983476
178677827   311917206
367221334   814759632
844118993   553975754
947012596   11792742
592858038   824412569
456445013   210779803
38964238   81618616
910424506   298404515
421616008   456274604
212263712   908679783
573585946   1780531
461367411   230893962
161259668   758706058
452952314   857781577
965867256   268442515
927596807   451130296
890176152   559233991
596122469   196081989
915128936   765363499
687825856   214829829
511200064   79106408
721013092   16091048
181414448   871239674
341883780   522310085
577728167   263763497
656073019   754433071
7997181   935316903
404686243   687135170
128914233   817411107
410840097   76313034
511753996   838506275
626642933   646207054
362697336   312959234
751828054   682480727
998591007   748770141
596091516   614352132
266031721   214389634
823984944   436793209
146971684   721599608