332
426359527   563651238
138593546   299602668
838514709   298734947
882806731   290856724
921592816   863038317
417886241   899399258
623283266   801627284
637903157   396876729
362276252   521518561
926203572   930087112
700387974   175698419
987779598   819295742
723738050   758675635
262037642   987248530
517269496   985977693
163655925   470414073
747767994   226670116
788576653   681106512
578236246   637740652
166284114   604620712
57973645   806572728
302920979   592221213
315556536   751815024
429869843   934070174
336869376   360589440
232742157   545065285
219509114   320165361
827653474   496825558
326818602   617862900
826461383   274067284
331808753   255030720
664661727   32042479
20624290   56702720
568755739   307926250
310459115   496611836
567540050   411475188
66030994   257084310
629295801   735022041
609181534   360934443
329397604   170228919
337388791   61985423
388512254   43182639
333286418   678810571
451804252   389035574
180973878   971827233
857724283   480709637
636246499   25498092
58008127   296322835
259247214   458068434
882097772   13410861
531676287   206860369
214531185   635105087
286582156   317423233
358198596   944778327
94160713   588804498
727122688   894211112
829410610   747027638
490068996   472546681
643634009   303423961
630112847   280037457
251014979   804932322
408225025   297056736
481819678   445477305
682954102   147560345
961233398   384002628
549265603   396259423
540175267   341662945
471331859   616104682
880871639   314031656
881640311   46475776
637019920   864415147
397971451   353012504
747225680   864672680
622761151   545697672
995230036   675356238
254612293   78002984
559020665   120638468
449621439   347912652
298486832   468320182
367131912   91678315
214567363   490415848
684611618   30389033
623070088   102876498
874421245   370797937
463008620   362827119
35910246   24351579
885954194   264152808
400428446   309413854
380696120   717997959
798821671   481718788
807735817   211531895
735654852   417516037
357793750   5051344
625642906   624407068
166653367   838528170
647180473   6947356
203991825   936928548
304939585   476127253
966955814   764703798
423229591   794248615
21467259   296503803
561282552   373315031
77347945   845198943
566047043   740920514
460972081   334008342
300889289   557017396
80052953   484991150
184420366   142311089
822292671   854206692
629115607   550031029
319518612   456820716
797709857   204596373
45968174   511859162
248224315   675768421
753550815   916887634
428444620   252068559
603719965   396337971
535970064   827541663
460862085   665621131
952756037   208530469
449727704   585702268
797170062   753351535
949160003   427371985
550021306   182114260
520723116   95977555
916109900   493275228
504172055   603924882
344416617   568271983
433885907   764995733
702888090   28763984
594480358   981565459
872084229   305123660
680916215   915824038
280675780   349602425
772011673   566701890
157884634   854152835
38590279   275388653
280108719   794286371
962127976   910244801
594376183   570736246
367414615   21207784
248523451   523284122
342882359   383257022
904067077   733252985
74779025   905360431
850278622   785846228
27785434   386518097
611241714   642023577
518550026   643970873
596715645   476656686
496081941   816390308
484896589   955981953
922665429   26868255
871114628   274635025
808125039   365243313
522520865   812312738
472932597   466465293
901189892   594958615
445222034   959790440
968809270   650733952
948760530   323891932
142563563   278673057
487518033   201638684
992177958   578726844
283707699   901694388
604260357   286315584
678045982   621030473
726304485   733967365
923119644   112158367
193143452   787111633
951537821   397795091
848047973   356632239
108893641   399555553
505191080   84325557
932018837   700416698
290709963   358487459
85746198   988906584
745095300   744020736
904461580   341826235
17723071   405192908
12004996   784432673
152908758   4373029
755657186   170518801
432809285   120153539
347981271   518035122
788249560   247440780
598911108   314129039
498830690   779779710
672789669   670566380
827653730   105355081
502782896   978608728
891817091   175683095
654107184   486791938
988982236   983335243
894642210   459866749
165854478   870869082
714672761   413253126
735597479   734855312
973427741   42581613
516186904   829360238
880082103   823793281
923972895   304769873
910970161   344360261
584029310   335073655
901148468   570283931
921697034   868234822
130446656   954985251
873094946   198058179
583126877   759398522
816331597   467124682
40958343   880194559
168512264   887002785
640473003   720140774
317910910   314607284
732007745   576030280
3370356   706977979
683364016   997126647
276417280   90691923
331142417   964627059
448214872   478760481
609182829   217904376
67221070   100476384
591535974   466756205
526063956   752978427
100867000   755726617
705452993   884237999
350174807   666635219
262486819   917940635
226308603   584557579
123972386   180925972
703586496   468163684
362246797   733863678
838836165   501074069
322390467   520914617
653468096   914278052
833237562   238295168
456226398   5436312
419767895   897727563
128824675   445640564
989948688   174950085
62008293   687836608
491305916   331118121
556064036   561704551
268466422   275632916
846087934   659158569
847592391   22322353
352236553   960777544
848333865   921976398
100263077   4518763
645233427   998919238
696604615   590403384
490838106   804914690
280027013   463458093
920427538   315268191
120941467   418219046
988301327   383750568
419718367   873348999
128264816   491694571
753972040   985287965
94024982   409258915
278338370   678610996
916914033   766556266
600586613   267509370
597883994   522490106
541881658   306102241
539882165   571414595
35665787   252728183
511118813   643775074
427199297   384155502
313431398   327346523
354192420   399885753
693692157   288457081
221741257   294118017
758721339   527167259
845858629   273978435
124111602   39710743
736678968   688106221
860590480   78805974
444696891   137055640
67565758   682992584
722552975   708037399
931721331   657819053
813284722   867842896
981302549   237556809
251026130   7595710
744742198   723296665
769604380   987744161
654251505   536562633
184642782   599269798
607601912   616440061
419939671   148239638
262711264   80207632
145759273   901625266
597202465   563972644
405105153   979516835
538939536   857545432
178093957   160832300
72331241   806049242
344659053   142347266
697034864   385902145
361787944   723916178
753884101   640583374
597918255   366867099
421194054   520938917
437340467   289180369
997976626   356647276
450043344   30473775
112717845   629536770
699547771   510051477
907893555   997424415
132559227   899060889
304213746   391955726
150142172   766060842
478999110   251236707
171773225   192985363
388105785   848965862
31026391   917784605
180710551   960690572
963860626   361937137
825872392   274336408
209111578   625400939
750373330   22425223
189424475   884001351
151465849   305235889
123718711   453763343
36265056   145023168
675863907   670666144
736400957   519648378
511749060   864984921
5474992   972564094
953037954   418188085
134097717   734238134